-329
-277
-249
-341
-504
-576
-463
-238
-77
-67
-131
-138
-62
15
29
4
-11
-35
-111
-195
-169
-9
134
90
-103
-231
-169
-32
-32
-199
-339
-289
-120
-36
-109
-191
-120
78
230
218
97
-3
-26
-5
1
-36
-107
-174
-180
-84
85
223
240
148
59
56
111
131
64
-41
-99
-85
-54
-52
-85
-117
-129
-125
-115
-96
-62
-23
10
41
86
148
210
240
205
100
-41
-159
-215
-224
-229
-251
-257
-206
-102
15
110
156
139
62
-26
-54
-2
68
59
-42
-132
-102
31
148
154
70
-9
-30
-20
-20
-21
10
59
67
5
-70
-65
22
86
30
-113
-197
-134
9
88
64
21
42
108
138
101
50
47
92
125
87
-39
-216
-348
-347
-225
-108
-102
-169
-163
-7
210
329
300
205
136
95
45
-5
-24
-30
-70
-136
-152
-70
47
88
31
-36
-35
-7
-40
-139
-212
-171
-39
80
114
88
83
150
266
347
325
204
61
-16
-12
-1
-54
-153
-202
-147
-35
47
78
126
234
342
356
279
218
245
296
241
73
-63
-34
113
183
74
-105
-157
-13
198
312
292
232
217
257
300
309
277
207
109
16
-34
-28
13
54
80
78
45
-8
-51
-55
-18
34
73
82
50
-9
-51
-18
91
173
121
-54
-211
-226
-129
-71
-140
-261
-304
-238
-165
-172
-215
-197
-95
3
11
-40
-43
47
157
171
68
-68
-134
-106
-50
-43
-93
-145
-127
-29
67
64
-48
-160
-161
-61
29
29
-24
-44
53
92
139
222
337
482
691
994
1346
1665
1942
2266
2686
3108
3368
3407
3320
3209
3052
2735
2216
1596
1024
566
182
-188
-531
-772
-855
-800
-693
-612
-570
-524
-437
-338
-278
-278
-311
-350
-390
-436
-481
-511
-535
-577
-641
-701
-716
-669
-569
-445
-333
-259
-230
-231
-235
-231
-237
-280
-359
-443
-488
-469
-407
-338
-281
-218
-134
-58
-53
-132
-222
-238
-196
-212
-354
-530
-573
-425
-222
-139
-204
-286
-267
-173
-114
-138
-191
-210
-203
-212
-230
-194
-85
32
66
0
-81
-79
21
140
178
105
-10
-59
4
105
115
-2
-135
-138
5
151
167
92
69
153
240
203
62
-31
20
135
172
95
18
63
227
392
439
356
233
166
186
241
256
215
181
222
340
462
527
530
515
516
530
529
490
402
288
211
335
436
449
385
340
389
503
590
582
488
357
238
162
143
170
203
197
159
147
197
283
336
309
230
156
112
72
2
-86
-142
-135
-91
-72
-119
-202
-265
-274
-248
-225
-226
-243
-268
-291
-303
-291
-254
-217
-213
-250
-299
-302
-271
-281
-360
-475
-542
-502
-397
-331
-357
-408
-369
-221
-80
-66
-154
-208
-158
-89
-124
-264
-375
-354
-254
-213
-277
-347
-303
-155
-30
-29
-136
-246
-279
-237
-178
-150
-159
-182
-192
-166
-96
-4
66
78
35
-26
-70
-92
-111
-140
-157
-152
-146
-170
-207
-193
-78
92
202
184
85
17
45
134
204
205
148
70
4
-15
27
98
126
55
-86
-197
-199
-114
-33
-12
-24
5
95
186
194
114
41
63
168
234
157
-29
-176
-185
-109
-79
-148
-234
-237
-169
-134
-177
-223
-162
-9
97
45
-108
-201
-136
18
115
79
-31
-95
-48
69
166
174
105
16
-36
-46
-57
-94
-143
-158
-116
-46
1
-5
-45
-66
-18
98
201
192
52
-115
-179
-119
-47
-75
-187
-261
-219
-118
-69
-102
-145
-114
-16
69
84
47
30
79
167
215
179
95
46
70
122
130
81
23
0
8
15
4
-11
-17
-9
11
36
50
44
35
60
126
179
151
33
-108
-190
-201
-201
-231
-262
-243
-157
-45
47
105
142
154
121
43
-51
-124
-171
-207
-226
-200
-121
-27
44
100
174
255
288
243
168
132
135
100
-18
-146
-168
-49
114
201
190
160
187
265
337
349
296
202
109
58
65
108
135
114
69
51
76
103
88
41
4
0
9
7
1
5
10
-9
-59
-121
-170
-198
-227
-271
-315
-316
-246
-133
-57
-70
-133
-149
-72
35
62
-17
-119
-153
-122
-95
-111
-131
-108
-52
-16
-26
-64
-95
-104
-93
-74
-81
-156
-277
-359
-329
-213
-131
-164
-263
-313
-261
-158
-93
-100
-151
-201
-219
-193
-136
-89
-90
-126
-136
-55
122
358
616
887
1177
1488
1817
2160
2487
2747
2898
2962
2999
3031
2988
2770
2351
1820
1316
910
560
181
-248
-649
-899
-942
-822
-648
-512
-444
-425
-420
-396
-344
-304
-330
-446
-587
-639
-555
-400
-304
-340
-446
-512
-488
-422
-395
-432
-492
-522
-512
-492
-487
-491
-469
-405
-335
-323
-389
-479
-503
-427
-316
-272
-320
-390
-387
-282
-146
-77
-103
-169
-197
-168
-140
-164
-225
-257
-226
-186
-207
-281
-315
-245
-126
-73
-136
-245
-292
-244
-150
-80
-64
-83
-89
-47
39
116
116
47
-9
19
106
150
100
17
-11
27
64
56
19
-10
-36
-81
-127
-118
-27
92
163
162
133
123
139
169
218
282
310
248
113
8
22
128
202
171
91
89
212
378
478
491
480
502
540
537
481
429
431
475
487
429
347
326
376
415
376
294
259
291
311
259
194
228
366
478
448
331
279
341
409
362
212
75
33
55
61
3
-101
-191
-213
-169
-131
-176
-288
-354
-290
-162
-118
-204
-292
-240
-75
36
-17
-171
-287
-311
-304
-331
-388
-429
-431
-397
-339
-269
-212
-179
-143
-78
-12
-23
-147
-309
-388
-342
-255
-236
-305
-382
-380
-295
-196
-160
-200
-278
-326
-304
-235
-185
-204
-259
-261
-169
-48
-16
-109
-239
-274
-180
-60
-42
-158
-312
-370
-287
-129
-21
-28
-107
-158
-133
-80
-65
-90
-96
-53
-11
-28
-83
-79
28
160
189
70
-105
-204
-176
-74
19
61
71
95
149
211
202
134
76
41
17
5
30
98
155
137
54
-13
-12
5
-53
-169
-218
-126
21
73
7
-46
16
131
142
5
-149
-174
-71
27
20
-50
-69
-1
79
77
-6
-81
-86
-59
-83
-171
-236
-184
-39
79
78
-4
-61
-36
27
65
62
49
44
37
12
-19
-40
-54
-71
-95
-113
-124
-131
-127
-98
-49
-19
-39
-94
-147
-173
-174
-152
-103
-35
8
-23
-109
-159
-96
46
147
115
-10
-104
-84
9
68
50
4
-12
-2
-27
-110
-185
-189
-130
-82
-87
-113
-115
-92
-79
-93
-138
-227
-365
-516
-602
-592
-541
-525
-547
-534
-454
-369
-361
-405
-397
-309
-254
-351
-559
-703
-664
-526
-483
-619
-815
-892
-796
-650
-599
-667
-750
-758
-698
-635
-616
-627
-640
-645
-639
-603
-530
-462
-443
-475
-508
-509
-511
-557
-611
-587
-466
-338
-293
-302
-247
-80
100
140
3
-185
-273
-231
-142
-96
-105
-128
-135
-122
-93
-46
4
17
-39
-140
-211
-194
-107
-26
-10
-55
-118
-162
-192
-222
-251
-267
-266
-262
-263
-253
-198
-85
39
101
72
12
11
83
149
119
16
-44
129
170
94
-9
-19
72
169
182
127
79
81
105
101
60
19
25
90
178
239
261
278
323
376
367
263
115
19
10
29
12
-21
22
196
457
704
894
1079
1343
1703
2078
2365
2533
2657
2856
3162
3459
3583
3461
3180
2879
2604
2277
1809
1214
606
91
-285
-516
-598
-559
-468
-391
-317
-182
29
224
282
185
34
-70
-118
-163
-238
-311
-355
-385
-422
-457
-450
-394
-332
-297
-276
-233
-157
-84
-64
-100
-148
-152
-97
-37
-40
-111
-182
-180
-110
-59
-95
-191
-267
-282
-271
-270
-264
-215
-135
-89
-106
-131
-90
11
89
77
-4
-68
-54
22
95
116
87
40
6
-8
-11
-11
-7
7
36
74
109
137
155
163
152
115
63
24
23
59
94
94
63
37
50
93
119
84
-4
-89
-106
-28
108
220
240
173
89
70
141
243
279
204
86
49
165
366
509
522
467
452
500
530
473
364
292
285
290
270
267
333
452
552
587
594
624
674
692
637
500
312
133
48
105
249
349
327
253
273
425
587
617
510
374
287
221
123
18
-25
7
39
2
-77
-96
2
146
203
119
-31
-136
-162
-170
-227
-314
-359
-346
-350
-447
-597
-667
-567
-358
-194
-172
-247
-296
-249
-152
-101
-141
-237
-333
-408
-468
-510
-501
-441
-392
-407
-447
-418
-274
-97
-11
-48
-127
-171
-186
-215
-250
-249
-208
-173
-166
-154
-105
-45
-35
-74
-107
-101
-92
-127
-196
-255
-284
-299
-295
-276
-293
-337
-334
-232
-91
-42
-114
-172
-92
71
130
6
-168
-212
-122
-54
-99
-160
-89
93
205
135
-11
-51
40
96
-11
-200
-267
-138
53
129
72
8
35
122
174
157
105
58
17
-15
-16
22
47
4
-84
-125
-62
44
82
24
-41
-32
31
63
36
9
33
65
37
-46
-90
-29
82
131
84
26
35
84
82
6
-58
-30
71
153
165
154
183
243
273
247
201
167
127
57
-3
22
136
237
232
142
87
134
224
246
177
100
86
106
81
4
-51
-16
74
124
80
-5
-35
23
108
123
39
-75
-115
-53
44
89
72
54
90
164
205
183
130
103
111
119
96
52
28
51
111
174
210
214
196
155
95
34
1
14
54
77
66
52
76
133
176
145
38
-86
-158
-149
-92
-48
-49
-62
-22
82
177
175
85
5
16
76
81
14
-17
77
234
293
191
40
0
90
183
161
40
-60
-37
100
243
290
225
125
95
156
230
235
174
120
104
71
-35
-156
-158
-11
136
110
-72
-203
-115
121
279
227
62
-27
29
125
127
23
-93
-145
-150
-172
-223
-251
-198
-90
-17
-51
-156
-227
-202
-135
-137
-240
-355
-369
-288
-222
-248
-328
-363
-323
-268
-258
-280
-284
-260
-238
-231
-204
-135
-68
-65
-126
-182
-181
-138
-95
-64
-21
31
44
4
-42
-33
8
-17
-143
-280
-295
-164
-8
45
-16
-90
-96
-30
52
102
122
154
254
465
789
1167
1534
1871
2208
2566
2912
3194
3372
3433
3366
3172
2879
2526
2127
1662
1136
613
182
-120
-323
-479
-602
-676
-686
-628
-517
-402
-342
-349
-361
-300
-175
-83
-109
-225
-339
-408
-468
-553
-629
-633
-567
-501
-484
-487
-460
-405
-383
-420
-484
-532
-549
-536
-496
-429
-352
-300
-283
-273
-247
-224
-256
-354
-446
-448
-351
-244
-225
-290
-350
-337
-283
-267
-325
-403
-437
-420
-388
-367
-347
-304
-237
-170
-124
-101
-96
-105
-115
-97
-40
25
33
-53
-177
-240
-195
-106
-83
-156
-225
-177
-16
135
176
134
107
139
164
110
-5
-81
-45
68
155
148
71
20
58
147
194
150
78
76
162
247
259
237
273
381
461
430
337
294
325
347
277
163
126
211
364
308
281
394
616
788
775
603
445
455
602
688
555
267
70
140
403
596
556
379
298
410
572
580
409
227
174
204
166
21
-98
-76
38
84
-6
-128
-147
-62
1
-58
-203
-316
-320
-244
-179
-193
-281
-375
-391
-316
-226
-208
-263
-307
-281
-223
-218
-273
-312
-284
-238
-251
-312
-329
-256
-161
-140
-197
-243
-205
-113
-43
-33
-59
-86
-108
-129