1024
1064
978
860
775
691
557
436
473
727
1051
1217
1136
942
826
815
791
682
586
638
831
1000
1007
883
762
713
698
671
659
708
813
904
930
901
845
769
684
634
674
791
903
931
898
861
836
795
724
664
677
772
888
961
967
898
768
628
561
615
755
894
985
1041
1088
1090
990
799
627
576
659
814
979
1128
1249
1286
1199
1026
867
795
814
875
945
1018
1084
1120
1113
1058
973
891
861
925
1070
1206
1243
1174
1065
973
901
834
802
855
982
1093
1110
1046
970
908
823
709
650
726
904
1044
1038
932
828
766
705
613
526
528
664
898
1132
1261
1231
919
840
843
851
806
740
731
810
922
1020
1125
1304
1580
1916
2253
2556
2805
2965
2969
2806
2564
2354
2224
2142
2060
1980
1925
1870
1750
1545
1309
1127
1031
1015
1067
1171
1275
1298
1207
1061
940
868
802
741
741
842
979
1049
1004
878
721
448
419
501
646
770
834
866
884
856
747
597
519
581
743
892
955
936
878
808
743
705
716
802
939
1067
1130
1117
1037
915
779
668
623
667
781
917
1030
1099
1112
1071
979
885
851
912
1032
1133
1156
1117
1061
1010
954
887
831
857
992
1183
1331
1379
1332
1246
1154
1089
1076
1136
1253
1384
1473
1491
1441
1353
1270
1233
1240
1279
1338
1426
1532
1621
1614
1472
1254
1077
1013
1050
1136
1253
1393
1521
1563
1477
1301
1143
1072
1071
1076
1054
1023
1026
1048
1021
900
725
604
613
723
835
890
900
888
829
694
524
414
406
454
493
526
598
689
692
534
296
155
193
337
443
459
440
449
473
454
370
277
243
316
474
656
789
836
790
659
458
250
121
145
289
437
497
511
564
665
704
608
454
415
563
778
858
740
543
431
435
454
396
317
359
573
836
962
870
666
511
473
483
473
460
512
630
741
769
701
576
457
399
443
591
772
886
915
913
911
870
747
591
520
589
714
772
748
719
724
698
580
444
435
602
823
936
914
861
855
851
771
630
536
562
670
772
840
894
919
857
687
508
469
627
875
1047
1057
965
872
814
754
653
536
486
551
701
853
944
960
930
882
840
807
801
854
973
1105
1173
1122
968
806
738
778
861
922
958
1003
1062
1078
1000
849
726
699
758
851
962
1099
1236
1290
1202
1018
871
860
960
1080
1161
1208
1254
1282
1241
1107
911
729
636
672
815
995
1118
1133
1056
939
829
756
729
751
809
887
986
1100
1161
1086
877
683
666
841
1029
1053
927
826
853
934
921
793
691
771
1053
1423
1749
1985
2150
2286
2411
2523
2609
2698
2820
2948
2978
2810
2466
2108
1883
1777
1660
1481
1344
1377
1538
1654
1593
1398
1195
1059
973
926
941
1030
1122
1142
1075
959
828
695
599
607
733
900
995
992
958
949
927
829
677
573
594
716
837
883
844
746
625
528
505
574
700
825
922
993
1033
1014
919
787
692
686
770
901
1029
1110
1119
1061
980
916
866
813
797
893
1114
1342
1424
1314
1130
1017
1005
1021
1033
1079
1194
1313
1348
1287
1215
1193
1201
1181
1149
1185
1326
1506
1610
1580
1452
1301
1193
1161
1211
1321
1447
1545
1611
1650
1645
1562
1429
1332
1357
1473
1562
1551
1487
1462
1480
1442
1300
1144
1120
1261
1457
1570
1569
1501
1389
1213
999
833
789
847
909
920
911
925
926
848
689
541
502
582
687
726
690
647
633
610
514
349
210
226
421
671
801
747
592
476
449
450
401
346
389
557
727
747
608
461
419
452
431
344
317
457
679
808
756
611
504
468
438
395
400
503
647
714
647
519
436
440
480
503
531
627
785
904
880
724
555
485
504
533
543
594
725
886
952
864
680
507
413
410
490
622
733
755
697
641
638
642
587
492
461
566
739
850
839
751
655
571
507
497
586
747
876
896
823
724
642
560
481
454
540
720
902
1006
1033
998
891
701
486
365
421
601
756
776
701
635
631
645
606
519
481
562
741
906
973
925
811
678
567
507
531
646
816
958
1017
985
907
828
762
698
656
680
791
924
969
883
756
707
746
755
673
583
629
824
1011
1022
878
735
715
776
828
865
962
1141
1313
1353
1225
1012
834
749
747
795
874
963
1035
1065
1042
968
865
767
704
720
824
963
1037
990
851
705
612
562
500
436
439
552
728
870
904
823
676
537
474
532
682
828
863
776
652
594
633
748
914
1160
1517
1955
2375
2692
2864
2912
2874
2792
2693
2595
2502
2411
2305
2166
1971
1727
1482
1294
1173
1104
1085
1136
1249
1330
1261
1028
760
603
574
574
540
530
620
766
827
729
561
465
466
454
477
603
744
749
599
453
440
503
503
448
495
705
907
899
711
570
600
678
629
506
521
739
964
989
841
711
683
657
553
485
610
885
1068
999
785
648
672
736
711
639
663
848
1093
1239
1196
1023
852
773
777
801
814
852
948
1079
1153
1110
986
873
840
905
1049
1236
1381
1395
1267
1098
1004
1007
1021
993
991
1110
1320
1477
1477
1376
1295
1266
1217
1112
1035
1099
1273
1387
1316
1099
896
820
851
906
956
1043
1170
1255
1210
1039
839
710
664
634
574
512
519
612
722
730
581
336
148
132
277
450
524
484
418
388
365
289
180
125
189
315
402
426
456
512
508
356
125
9
134
404
606
638
578
542
538
484
347
209
196
334
525
648
676
662
653
629
540
395
300
353
523
672
692
609
520
468
422
357
332
415
573
691
711
677
651
624
544
431
395
513
722
886
919
844
729
618
534
499
520
581
654
730
808
860
834
722
588
504
484
513
591
736
905
981
881
659
468
419
478
547
583
620
683
751
778
739
650
559
514
575
743
932
1020
984
908
881
863
746
521
359
441
727
970
974
791
645
657
742
736
632
571
666
857
993
975
835
665
548
528
612
754
871
899
848
784
759
753
710
610
522
550
735
981
1122
1066
886
743
724
767
779
785
884
1085
1249
1246
1093
926
834
794
765
775
858
968
1016
987
945
932
888
755
599
569
710
878
904
792
686
680
707
661
556
536
691
935
1095
1090
972
841
750
704
711
784
888
952
941
899
876
852
769
659
652
856
1234
1643
1977
2254
2503
2673
2688
2566
2425
2367
2369
2326
2165
1916
1644
1398
1203
1076
1015
1003
1029
1105
1223
1313
1281
1092
823
610
525
535
573
617
692
797
880
872
760
592
446
379
420
549
700
789
772
669
566
545
609
693
730
722
723
777
853
869
771
605
473
439
516
644
766
844
860
809
707
594
514
492
541
649
787
904
963
947
877
782
702
674
740
904
1115
1267
1297
1223
1115
1025
960
907
875
893
974
1093
1194
1230
1193
1101
1000
922
897
962
1132
1353
1515
1522
1391
1240
1189
1246
1337
1408
1466
1533
1601
1629
1588
1484
1336
1174
1065
1080
1209
1346
1395
1365
1335
1322
1246
1067
893
893
1081
1259
1228
1013
822
802
883
898
797
712
773
945
1061
1009
823
626
491
421
397
449
605
806
929
904
768
621
509
412
310
266
358
574
770
817
695
516
385
320
277
256
307
453
620
723
749
752
754
727
629
520
518
662
837
901
817
685
613
621
652
687
751
848
919
899
787
656
570
532
513
520
598
766
957
1069
1054
949
830
737
659
597
597
686
812
889
871
809
761
723
657
593
627
794
994
1088
1045
968
939
926
851
738
715
853
1054
1134
1020
816
675
644
655
647
653
747
927
1095
1147
1058
902
759
660
591
550
571
679
827
917
880
744
613
580
643
741
826
905
995
1074
1084
990
824
674
602
628
733
883
1014
1068
1015
896
796
766
780
792
808
876
998
1096
1076
928
737
598
534
521
557
676
872
1063
1131
1040
874
771
787
876
958
995
1012
1040
1074
1071
1002
879
745
663
687
819
1004
1137
1136
988
771
590
512
527
592
664
735
800
853
874
852
790
710
635
606
662
799
950
1015
940
774
639
620
688
758
775
788
863
1002
1130
1183
1199
1292
1526
1867
2204
2444
2565
2598
2566
2462
2272
2021
1760
1568
1496
1531
1595
1607
1528
1365
1153
936
769
708
772
894
969
950
888
859
867
845
753
649
639
758
914
972
888
737
621
571
537
479
447
522
695
836
821
654
469
381
381
401
432
528
703
877
944
887
787
711
667
631
620
668
778
896
966
953
859
723
613
597
714
914
1088
1139
1075
980
934
937
928
849
741
707
817
1013
1162
1157
1013
836
737
757
868
1018
1159
1252
1289
1278
1233
1155
1064
991
980
1051
1172
1277
1311
1254
1149
1070
1064
1112
1161
1197
1260
1384
1517
1538
1383
1116
890
809
871
1018
1193
1343
1409
1367
1247
1114
998
865
699
572
582
726
871
885
767
643
598
607
589
548
563
659
737
685
504
324
251
258
242
182
166
275
455
572
543
419
303
246
219
215
271
410
560
607
511
361
270
259
260
250
284
406
549
601
525
412
345
317
266
203
219
373
575
677
607
438
287
219
209
241
322
444
556
609
593
542
475
392
302
257
315
468
643
757
773
704
577
428
312
298
413
603
755
791
729
638
564
497
419
364
399
533
684
750
704
607
524
460
391
319
306
393
538
640
644
569
469
374
299
261
305
459
671
827
847
735
586
485
442
403
362
367
462
602
680
634
527
466
507
492
492
587
747
841
768
593
472
478
523
496
411
408
555
752
806
643
381
216
230
356
482
557
596
616
609
577
549
552
570
556
518
534
662
864
997
931
680
416
327
461
698
871
901
837
771
734
683
576
434
341
364
497
667
802
851
784
613
395
238
207
290
411
502
552
585
593
551
468
400
396
459
552
654
750
814
787
667
535
510
635
860
1110
1368
1656
1965
2209
2300
2225
2071
1962
1978
2091
2179
2113
1892
1629
1452
1367
1278
1113
933
851
899
984
1000
931
839
771
713
639
591
635
785
957
1038
972
792
572
384
260
218
265
379
494
549
534
480
438
431
446
470
512
577
644
690
718
732
704
605
462
372
429
621
816
891
837
726
619
523
440
402
469
629
795
888
911
898
849
735
570
455
500
693
899
980
936
875
886
952
980
930
864
874
985
1116
1175
1128
1027
928
861
842
896
1044
1253
1422
1465
1376
1240
1128
1052
1001
989
1047
1171
1288
1328
1293
1242
1201
1154
1077
1018
1060
1227
1426
1514
1421
1200
984
884
896
936
938
925
965
1083
1192
1158
957
701
541
529
604